author_id,name,bio
bc5c46a0-a364-48b0-9ccc-ac9f083ef12f,Pramodi,Hy iam pramodi
